c6dd4259fad21cbda85665bf71221ef540cbd22b105ed240260fcf0bcd73b7d2 16 16 3200 1390
218ef5610ce70adeeaa6b18357a331c202d21c3ab84f3ff0195eb9f90567a7b8 1 1 48 0
6ef8ea101dff55355458780d99adf1f7a85c03e8d3c172f6758b49055b45ea6a 41 41 679 112
0892d2ed1452942b44fe0810cef19d0313498ebb5a1d5c46ed22a93b91220844 85 85 4400 2900
f1b9421839b5c940627918658d3604b0d8992add360bf3d470c9621649143c98 2 2 1044 5
e5c29395e6f4423eef3f7f7808f8ad680ef318ee6c0f3dd67b9785bbca102d4f 2 2 1010 5
766c29b7feb26e6661aad7666621b7aaea963c11d9ef33e318817fdef729a9fd 2 2 992 5
2e002ae9a3161479b46f2ef7549df66b5f66b4cd8e1821a0e973771ace5ef0b4 2 2 1141 5
24cb938e9267cdd533a0cc5fd693228d984f77ab81628ee7ce48f972e3ad7ac0 3 3 1378 6
daf6110b29900406f6acfe573b54370f1f66a9d907bd50d7a94284758d624d56 240 158 186461 94154
87e8c0a3ba2a62ba5073154e930e49fcf7bab5d6f10bcc7892c095479723d20d 1 1 1211 0
23ea8863bd1ced7dc131c2aae4af170ba4dc7236ea19644216179eb3c5c3dc10 16 16 9175 2109
b293af0c6e75f0acaec3efe4bde73b932c3befddf9404717d053b30473387cfb 22 21 2195 1440
4668a08c1b2a318b34fcd48f98f39344da21d25aa736375b230ac32616542dc7 159 3 8 8
4c7235754d5adf13e468c2038034cc515b7377e1e3384dcf168efcec6b00b37c 8 7 1829 195
73c32713ee7562b8f3cefbfea61ae3deebc83dae05d49288914181bbd439204b 1 1 2329 0
b1f3e66e2b5b2823c614a8a8faf1651b3f2f6e1d69bcc575ceff4c8e14f88aa5 1 1 2329 0
e0488a874b87d9c4475cfaaa3a9498b7101f44af9881a18753610363414c29d4 236 46 3505 2688
